0 0.5609999874606728
1 0.5869999868795276
2 0.5664999873377383
3 1.0369999768212437
4 0.9059999797493219
5 1.1089999752119184
6 1.0119999773800372
7 1.017999977245927
8 1.0119999773800372
9 0.8814999802969397
10 0.7064999842084945
11 0.8449999811127782
12 1.0479999765753747
13 1.1094999752007424
14 1.1004999754019082
15 1.238999972306192
16 1.0824999758042395
17 1.444499967712909
18 1.7769999602809547
19 1.6939999621361495
20 1.8254999591968954
21 1.8954999576322735
22 2.4524999451823533
23 2.1459999520331623
24 2.5619999427348374
25 2.2779999490827323
26 2.5619999427348374
27 2.8594999360851943
28 3.009999932721257
29 3.0039999328553675
30 2.88199993558228
31 3.2119999282062053
32 3.273999926820397
33 3.087499930988997
34 3.384999924339354
35 3.5769999200478195
36 3.9904999108053745
37 4.26599990464747
38 3.9674999113194644
39 3.805999914929271
40 3.7079999171197415
41 4.8459998916834595
42 5.087999886274337
43 5.017499887850136
44 4.865999891236425
45 6.1489998625591396
46 5.7834998707287015
47 7.379999835044146
48 6.7469998491927985
49 6.920499845314771
50 7.573499830719084
51 7.8044998255558315
52 8.872499801684171
53 8.074999819509685
54 8.718499805126338
55 9.257999793067574
56 11.235499748867005
57 10.575999763607978
58 13.972499687690288
59 14.260499681252986
60 14.035999686270952
61 15.591999651491642
62 15.875999645143747
63 15.394499655906111
64 15.9039996445179
65 16.988499620277434
66 19.89999955520034
67 19.903999555110932
68 20.729499536659567
69 21.95499950926751
70 21.204999526031315
71 21.771499513369054
72 22.74599949158728
73 20.767999535799028
74 21.82049951227382
75 24.899499443452804
76 26.186499414686114
77 24.700499447900803
78 25.7779994238168
79 24.831999444961546
80 24.318999456427992
81 25.246999435685574
82 24.038499462697654
83 27.948499375302344
84 27.910999376140534
85 28.231999368965624
86 28.467999363690616
87 29.483999340981246
88 29.089499349799006
89 30.70749931363389
90 30.62149931555614
91 32.118499282095584
92 32.63449927056208
93 35.605999204143885
94 35.08249921584502
95 30.673999314382673
96 33.93349924152717
97 37.566999160312115
98 33.20799925774336
99 33.302999255619945
100 35.298499211017045
101 37.14649916971102
102 34.77049922281876
103 34.10999923758209
104 38.02399915009737
105 36.16349919168279
106 36.76249917829409
107 37.20749916834757
108 32.79049926707521
109 35.5379992056638
110 36.582499182317406
111 35.926499196980146
112 37.48649916211143
113 36.9574991739355
114 34.12699923720211
115 35.27049921164289
116 36.01999919489026
117 36.832999176718296
118 36.99149917317554
119 35.9709991959855
120 37.39799916408956
121 37.72949915667996
122 39.04649912724271
123 39.04999912716448
124 38.337999143078925
125 37.429999163374305
126 36.87999917566776
127 35.463999207317826
128 35.6954992021434
129 36.573499182518574
130 37.77299915570766
131 35.8944991976954
132 35.44999920763075
133 33.112999259866776
134 35.537499205674976
135 36.80649917731061
136 37.48349916217849
137 37.75149915618822
138 37.14099916983396
139 37.4049991639331
140 37.447999162971975
141 37.99099915083498
142 37.98199915103614
143 38.16299914699048
144 37.09749917080626
145 38.28199914433062
146 37.35999916493893
147 38.269499144610016
148 36.81599917709828
149 38.07249914901331
150 37.292999166436495
151 37.627499158959836
152 37.720499156881125
153 38.438499140832576
154 38.631499136518684
155 38.63049913654104
156 38.00649915048852
157 37.46549916258082
158 36.60599918179214
159 35.82649919921532
160 37.64849915849045
161 38.15949914706871
162 38.066999149136244
163 38.35299914274365
164 37.74199915640056
165 37.69949915735051
166 36.40249918634072
167 37.59449915969744
168 37.06849917145446
169 34.589499226864426
170 35.78099920023233
171 33.91849924186245
172 33.08049926059321
173 34.16599923633039
174 34.88699922021478
175 37.74799915626645
176 36.02799919471145
177 35.67349920263514
178 36.83999917656183
179 37.63999915868044
180 38.43399914093315
181 38.05199914947152
182 35.914999197237194
183 37.61149915931746
184 35.8944991976954
185 37.0154991726391
186 35.93149919686839
187 36.38049918683246
188 37.020499172527344
189 36.90899917501956
190 37.49849916184321
191 38.13949914751574
192 37.55299916062504
193 37.01949917254969
194 37.972499151248485
195 38.636499136406925
196 39.07499912660569
197 39.04299912732095
198 37.96949915131554
199 38.497999139502646
200 37.930999152176085
201 37.81799915470183
202 37.65399915836751
203 38.54349913848564
204 37.61149915931746
205 38.55049913832918
206 38.162499147001654
207 38.72349913446233
208 38.32049914347008
209 38.75749913370237
210 38.56999913789332
211 37.623499159049246
212 37.63199915885925
213 36.116499192733315
214 37.607999159395696
215 36.76149917831644
216 37.951999151706694
217 37.84349915413186
218 38.20949914595112
219 38.38149914210662
220 37.0154991726391
221 38.28699914421886
222 39.0814991264604
223 38.73299913424999
224 38.919499130081384
225 38.136499147582796
226 38.03099914994091
227 37.78899915535003
228 38.25849914485589
229 38.20199914611876
230 38.07399914897978
231 38.6524991360493
232 39.08999912627041
233 38.46649914020672
234 38.105499148275705
235 37.91249915258959
236 37.55199916064739
237 36.986999173276125
238 35.73299920130521
239 35.36749920947477
240 37.01949917254969
241 37.392499164212495
242 37.097999170795084
243 36.86249917605892
244 37.18399916887283
245 38.470999140106144
246 38.25449914494529
247 37.95899915155023
248 38.199999146163464
249 37.4029991639778
250 36.87399917580187
251 37.16199916936457
252 37.92799915224314
253 37.850999153964224
254 37.88599915318191
255 38.87349913110957
256 38.59799913726747
257 38.51849913904444
258 36.84299917649478
259 36.82499917689711
260 37.98849915089086
261 38.217999145761134
262 37.782499155495316
263 35.99299919549376
264 38.18349914653227
265 38.786499133054164
266 37.735999156534675
267 38.49849913949147
268 37.526999161206184
269 37.89549915296957
270 37.19949916852638
271 36.308999188430604
272 38.31549914358184
273 37.52199916131794
274 38.42399914115667
275 37.571999160200356
276 38.080999148823324
277 36.93299917448312
278 38.09699914846569
279 36.24399918988347
280 38.00299915056676
281 37.32899916563183
282 37.2474991674535
283 37.256999167241155
284 36.316499188262966
285 38.59199913740158
286 38.16949914684519
287 38.1799991466105
288 37.928499152231964
289 38.189499146398155
290 38.597499137278646
291 38.54499913845211
292 38.809499132540076
293 38.78049913318828
294 38.762999133579434
295 38.60849913703278
296 38.75449913376942
297 38.19399914629757
298 38.15249914722517
299 37.548499160725626
300 38.21449914583936
301 37.965999151393774
302 38.38699914198369
303 38.07499914895743
304 38.752499133814126
305 38.55049913832918
306 38.85499913152307
307 38.27449914449826
308 38.032999149896206
309 38.40899914149195
310 38.11299914810807
311 38.377999142184855
312 38.124999147839844
313 38.36599914245308
314 37.80949915489182
315 37.49899916183203
316 37.88449915321544
317 38.649499136116354
318 38.31149914367124
319 38.51049913922325
320 38.96499912906438
321 38.45849914038554
322 36.685999180004
323 35.98749919561669
324 37.51849916139618
325 35.308999210782346
326 37.97599915117026
327 35.60099920425564
328 37.88349915323779
329 37.35799916498363
330 37.0319991722703
331 37.77549915565178
332 37.6784991578199
333 38.154499147180466
334 38.126499147806314
335 37.09649917082861
336 36.6714991803281
337 37.92049915241078
338 35.286999211274086
339 36.40649918625131
340 35.99149919552728
341 37.29399916641414
342 37.51799916140735
343 37.32699916567653
344 36.033499194588515
345 36.16849919157103
346 35.9834991957061
347 37.468999162502584
348 35.455999207496646
349 37.428999163396654
350 37.257999167218806
351 38.125999147817495
352 38.36949914237484
353 38.092499148566276
354 38.65349913602695
355 37.07249917136505
356 38.114499148074536
357 37.412999163754286
358 35.57599920481444
359 37.94599915184081
360 35.81849919939414
361 37.88099915329367
362 37.659999158233404
363 37.19799916855991
364 37.19399916864931
365 36.74499917868525
366 37.503499161731455
367 37.296999166347085
368 36.69699917975813
369 35.04499921668321
370 35.87649919809773
371 36.62549918135628
372 36.659999180585146
373 37.18849916877225
374 36.79949917746708
375 38.187999146431686
376 38.83199913203716
377 38.2379991453141
378 38.730499134305866
379 36.87499917577952
380 36.43349918564782
381 36.78649917775765
382 37.54299916084856
383 37.956999151594935
384 37.37999916449189
385 38.23349914541468
386 38.79599913284183
387 37.50399916172027
388 38.09799914844334
389 38.83499913197011
390 38.15999914705753
391 38.708999134786424
392 38.57349913781509
393 38.45599914044142
394 37.935999152064326
395 36.850999176315966
396 37.68849915759638
397 37.70799915716052
398 37.33899916540831
399 37.780999155528846
400 38.52449913891032
401 37.55799916051328
402 38.09999914839864
403 37.3449991652742
404 36.813999177142975
405 36.40099918637425
406 37.733499156590554
407 37.9499991517514
408 38.40299914162606
409 37.09099917095155
410 37.62949915891513
411 38.26399914473295
412 37.54699916075915
413 38.716499134618786
414 38.11499914806336
415 38.38799914196134
416 36.431499185692516
417 37.92249915236607
418 36.2734991892241
419 38.131499147694555
420 37.11449917042628
421 37.67599915787578
422 37.679499157797544
423 38.25699914488941
424 38.56899913791567
425 38.73999913409352
426 38.5364991386421
427 38.33849914306775
428 37.68999915756285
429 37.27799916677177
430 37.2784991667606
431 37.02599917240441
432 36.17949919132516
433 37.358999164961276
434 37.737499156501144
435 37.81049915486947
436 38.305499143805356
437 37.90499915275723
438 37.68849915759638
439 36.40149918636307
440 38.6669991357252
441 38.48799913972616
442 36.92449917467311
443 37.826499154511836
444 36.560499182809146
445 36.8144991771318
446 37.314999165944755
447 36.89699917528778
448 36.06749919382855
449 35.516999206133185
450 35.63399920351803
451 36.70449917959049
452 36.0559991940856
453 37.962499151472
454 37.22949916785583
455 37.433999163284895
456 37.83249915437773
457 35.932999196834864
458 37.20099916849286
459 37.48049916224554
460 36.96299917381257
461 38.54249913850799
462 38.04099914971739
463 37.24049916760996
464 38.26649914467707
465 38.06449914919212
466 38.239999145269394
467 38.490499139670284
468 38.800499132741244
469 37.49299916196615
470 38.39049914190546
471 38.44599914066494
472 38.691999135166405
473 38.77249913336709
474 38.0349991498515
475 37.44049916313961
476 37.591499159764496
477 37.553999160602686
478 36.06349919391796
479 37.429999163374305
480 37.661499158199874
481 37.508499161619696
482 37.1459991697222
483 37.972499151248485
484 37.20099916849286
485 37.777499155607074
486 37.52399916127324
487 37.425999163463715
488 37.94549915185198
489 38.084999148733914
490 38.6089991370216
491 36.787999177724124
492 37.31949916584417
493 37.312499166000634
494 37.18499916885048
495 38.281499144341794
496 36.8994991752319
497 37.13499916996807
498 37.7199991568923
499 37.644499158579855
500 37.737499156501144
501 37.393499164190146
502 36.369499187078326
503 36.52399918362498
504 36.928999174572525
505 37.9809991510585
506 37.504999161697924
507 36.82149917697534
508 36.427499185781926
509 35.802499199751765
510 33.77149924514815
511 36.7604991783388
512 33.289999255910516
513 34.55949922753498
514 36.4579991851002
515 35.94949919646606
516 37.02349917246029
517 35.9544991963543
518 36.39949918640777
519 37.28799916654825
520 36.65949918059632
521 37.95899915155023
522 38.10499914828688
523 38.16299914699048
524 36.816499177087096
525 35.28599921129644
526 36.39899918641895
527 36.77449917802587
528 36.86849917592481
529 36.987999173253776
530 38.02099915016443
531 37.28099916670472
532 36.149999191984534
533 38.053499149438
534 37.30099916625768
535 37.6349991587922
536 38.61649913685396
537 38.15599914714694
538 36.46449918495491
539 37.58849915983156
540 38.62399913668632
541 38.607999137043954
542 38.162499147001654
543 38.17949914662167
544 39.2409991228953
545 39.094999126158655
546 39.16099912468344
547 37.540999160893264
548 38.17199914678931
549 36.693499179836365
550 38.22999914549291
551 37.28049916671589
552 36.968999173678455
553 37.58299915995449
554 36.89549917532131
555 38.90449913041666
556 37.05749917170033
557 38.558999138139185
558 38.82149913227185
559 37.58299915995449
560 37.956999151594935
561 38.32999914325774
562 37.63849915871397
563 37.65799915827811
564 37.93449915209785
565 38.11899914797395
566 37.89049915308133
567 38.317499143537134
568 38.40949914148077
569 37.84549915408716
570 37.27449916685
571 36.998499173019084
572 37.583999159932134
573 37.12449917020276
574 37.05749917170033
575 37.504999161697924
576 38.60349913714454
577 37.973499151226136
578 38.54449913846329
579 38.87499913107604
580 38.4804991398938
581 37.446999162994324
582 36.64749918086454
583 36.533499183412644
584 37.671499157976356
585 36.36649918714538
586 37.09499917086214
587 36.499999184161425
588 35.66199920289218
589 36.64599918089807
590 36.81949917702004
591 37.686999157629906
592 37.308499166090044
593 37.16349916933105
594 37.31299916598946
595 36.46299918498844
596 37.449499162938444
597 37.47799916230142
598 37.86199915371835
599 37.68599915765226
600 38.33099914323539
601 36.495999184250834
602 36.90599917508662
603 37.46949916249141
604 36.834499176684766
605 37.390999164246026
606 37.13599916994572
607 37.345999165251854
608 35.972999195940794
609 38.523999138921496
610 37.94499915186316
611 36.94999917410314
612 37.57249916018918
613 36.387499186675996
614 37.76649915585294
615 36.316499188262966
616 35.95649919630959
617 35.26549921175465
618 35.59099920447916
619 36.78999917767942
620 37.388499164301905
621 35.97249919595197
622 36.20349919078872
623 35.60249920422211
624 35.9669991960749
625 35.760999200679365
626 37.17449916908517
627 36.777499177958816
628 36.56149918278679
629 34.90549921980128
630 37.64099915865809
631 38.16449914695695
632 38.674999135546386
633 37.14549916973338
634 37.540999160893264
635 38.45899914037436
636 38.419499141257255
637 39.02049912782386
638 38.9259991299361
639 37.55299916062504
640 38.632499136496335
641 38.419499141257255
642 36.2859991889447
643 37.25849916720763
644 36.82649917686358
645 37.09849917078391
646 38.593999137356874
647 37.490499162022026
648 38.32849914329127
649 37.855999153852466
650 36.75799917839468
651 37.07399917133152
652 37.51949916137382
653 36.15949919177219
654 36.923499174695465
655 37.059499171655624
656 37.182999168895186
657 36.43649918558076
658 37.545999160781506
659 37.59449915969744
660 37.94399915188551
661 38.46449914025143
662 37.96049915151671
663 38.380499142128976
664 38.9134991302155
665 38.725499134417625
666 35.875999198108914
667 37.2474991674535
668 35.453499207552525
669 36.157499191816896
670 36.965999173745516
671 37.275999166816476
672 37.330499165598305
673 35.67399920262396
674 37.239999167621136
675 36.964999173767865
676 35.396999208815394
677 37.163999169319865
678 37.52599916122854
679 36.5304991834797
680 36.02799919471145
681 37.78749915538356
682 37.24999916739762
683 37.256999167241155
684 37.19149916870519
685 38.56399913802743
686 36.579999182373285
687 38.109499148186295
688 37.37249916465953
689 37.04949917187914
690 36.09899919312447
691 38.0349991498515
692 38.02699915003031
693 36.04649919429794
694 37.566999160312115
695 36.16499919164926
696 36.62349918140099
697 36.254499189648776
698 36.87999917566776
699 37.11299917045981
700 37.93449915209785
701 36.440499185491355
702 35.569999204948545
703 34.43999923020601
704 36.45449918517843
705 36.37249918701127
706 37.473999162390825
707 35.842499198857695
708 35.03549921689555
709 34.85349922096357
710 38.33299914319068
711 37.281499166693536
712 37.88599915318191
713 37.83749915426597
714 36.47099918480963
715 35.55349920531735
716 36.6029991818592
717 37.01299917269498
718 36.14949919199571
719 37.693499157484624
720 36.72249917918816
721 36.34399918764829
722 37.14249916980043
723 37.8649991536513
724 38.24549914514646
725 38.81899913232773
726 38.52549913888797
727 37.631499158870426
728 37.22799916788936
729 37.894999152980745
730 36.53449918339029
731 36.36649918714538
732 36.86649917596951
733 37.164999169297516
734 37.44749916298315
735 37.93199915215373
736 37.875499153416605
737 37.61349915927276
738 37.76899915579706
739 37.990499150846155
740 38.84399913176894
741 38.5654991379939
742 38.46149914031848
743 38.708499134797606
744 38.26599914468825
745 38.26099914480001
746 38.788999132998285
747 37.51349916150794
748 37.63199915885925
749 36.348499187547716
750 34.55649922760203
751 35.85849919850007
752 38.06849914910272
753 36.80249917740002
754 38.06049914928153
755 38.40599914155901
756 37.70999915711582
757 38.10499914828688
758 37.14849916966632
759 35.50199920646846
760 35.183499213587496
761 35.96599919609726
762 33.289999255910516
763 34.68199922479689
764 35.53849920565263
765 36.401999186351894
766 36.75499917846173
767 37.03699917215854
768 37.47849916229025
769 37.7739991556853
770 37.94399915188551
771 36.50449918406084
772 38.047499149572104
773 38.14399914741516
774 37.42699916344136
775 36.76099917832762
776 36.35199918746948
777 37.33149916557595
778 36.90399917513132
779 37.65449915835634
780 37.2869991665706
781 36.61799918152392
782 34.95849921861664
783 35.976999195851384
784 36.92049917476252
785 36.205499190744014
786 37.60499915946275
787 38.46349914027378
788 38.5074991392903
789 37.55049916068092
790 36.174499191436915
791 35.97399919591844
792 38.15399914719164
793 37.78999915532768
794 37.3034991662018
795 36.44399918541312
796 37.11449917042628
797 38.34899914283305
798 38.69699913505465
799 36.86049917610362
800 38.13699914757162
801 38.12549914782867
802 38.02749915001914
803 37.888499153126034
804 36.174499191436915
805 37.411999163776635
806 37.166499169263986
807 37.52349916128442
808 37.78899915535003
809 37.172999169118704
810 38.19499914627522
811 38.778499133232984
812 35.64299920331687
813 38.318499143514785
814 36.827999176830055
815 37.29899916630238
816 38.57749913772568
817 34.69149922458455
818 37.122499170247465
819 38.58249913761392
820 38.846999131701885
821 37.42649916345253
822 36.9034991751425
823 37.82549915453419
824 37.810999154858294
825 37.51549916146323
826 36.63349918117747
827 37.34949916517362
828 36.369499187078326
829 37.63949915869161
830 35.5794992047362
831 35.87699919808656
832 36.78049917789176
833 37.600499159563334
834 37.85449915388599
835 36.57449918249622
836 38.452999140508474
837 37.11249917047098
838 36.35049918750301
839 37.105499170627446
840 36.95299917403609
841 36.62449918137863
842 36.86849917592481
843 37.96799915134907
844 37.21199916824698
845 37.5439991608262
846 37.64999915845692
847 37.698499157372865
848 37.48849916206673
849 37.048999171890316
850 36.73199917897582
851 38.24299914520234
852 37.832999154366554
853 38.11499914806336
854 38.23049914548174
855 38.48749913973734
856 38.126499147806314
857 38.87049913117662
858 38.60849913703278
859 38.047499149572104
860 36.47599918469787
861 37.370499164704235
862 34.271999233961104
863 36.55049918303266
864 34.80099922213704
865 37.08949917098507
866 36.04549919432029
867 37.19699916858226
868 36.391499186586586
869 37.26999916695058
870 37.44499916303903
871 37.26349916709587
872 37.629999158903956
873 37.9934991507791
874 37.56749916030094
875 38.28999914415181
876 37.16849916921929
877 37.84299915414304
878 37.45849916273728
879 36.771499178092924
880 35.85649919854477
881 37.0484991719015
882 36.29699918869883
883 37.40749916387722
884 37.956999151594935
885 36.719499179255216
886 36.884999175556004
887 35.944499196577816
888 36.31699918825179
889 36.44099918548018
890 36.93699917439371
891 36.776499177981165
892 37.87249915348366
893 37.2454991674982
894 37.40349916396663
895 38.31649914355948
896 38.36699914243072
897 37.03099917229265
898 37.98049915106967
899 38.50299913939089
900 38.824999132193625
901 38.71749913459644
902 38.9819991286844
903 38.58649913752451
904 35.780499200243504
905 33.29549925578758
906 35.103499215375635
907 35.339999210089445
908 37.553999160602686
909 39.10049912603572
910 37.76949915578589
911 37.07099917139858
912 37.881999153271316
913 38.21549914581701
914 39.032999127544464
915 37.86199915371835
916 35.67599920257926
917 37.25149916736409
918 37.36849916474894
919 35.471999207139014
920 33.08149926057085
921 32.978499262873086
922 36.497499184217304
923 35.70199920199811
924 36.322999188117684
925 35.94799919649959
926 36.12549919253215
927 37.509999161586165
928 38.0764991489239
929 38.35799914263189
930 38.558999138139185
931 38.31299914363772
932 38.53399913869798
933 38.19149914635345
934 39.134999125264585
935 38.647999136149885
936 38.708999134786424
937 38.557499138172716
938 37.53749916097149
939 36.00099919531495
940 37.41399916373193
941 38.043499149661514
942 38.19799914620817
943 38.53249913873151
944 38.2939991440624
945 37.858999153785405
946 37.80149915507063
947 37.98699915092438
948 37.68649915764108
949 38.13299914766103
950 38.326499143335965
951 38.13999914750457
952 37.74599915631116
953 35.997499195393175
954 37.212999168224634
955 38.38249914208427
956 37.63399915881455
957 37.69399915747344
958 37.5024991617538
959 37.666499158088115
960 36.517999183759095
961 35.34199921004474
962 37.75449915612116
963 37.996999150700866
964 38.412999141402544
965 38.53399913869798
966 38.32549914335832
967 37.57399916015565
968 38.318499143514785
969 39.173999124392864
970 37.67749915784225
971 36.924999174661934
972 37.65499915834516
973 36.99499917309731
974 37.49499916192144
975 38.21049914592877
976 38.083499148767444
977 37.53899916093796
978 38.19599914625287
979 36.83999917656183
980 38.32849914329127
981 37.431499163340774
982 35.1359992146492
983 37.73949915645644
984 37.916999152489005
985 37.70199915729463
986 38.28699914421886
987 38.20549914604053
988 38.02999914996326
989 37.1459991697222
990 36.12599919252098
991 36.051999194175
992 36.48799918442965
993 36.400499186385424
994 35.99449919546023
995 36.41649918602779
996 35.81699919942766
997 37.003999172896144
998 36.52149918368086
999 37.357499164994806
1000 37.18499916885048
1001 36.74499917868525
1002 38.051499149482694
1003 38.23649914534762
1004 38.11549914805219
1005 38.02749915001914
1006 38.50049913944677
1007 38.3374991430901
1008 38.305499143805356
1009 38.6834991353564
1010 38.450499140564354
1011 38.92899912986904
1012 38.37849914217368
1013 38.452999140508474
1014 36.7604991783388
1015 38.15949914706871
1016 37.629999158903956
1017 33.93149924157187
1018 37.697499157395214
1019 37.9229991523549
1020 35.47849920699373
1021 36.9719991736114
1022 37.59599915966392
1023 36.60649918178096
1024 36.811499177198854
1025 36.693999179825184
1026 34.40399923101067
1027 38.10249914834276
1028 37.10849917056039
1029 36.94349917424843
1030 37.460999162681404
1031 36.03549919454381
1032 36.98599917329848
1033 36.72049917923287
1034 37.172999169118704
1035 37.6039991594851
1036 37.55199916064739
1037 37.21899916809052
1038 37.22099916804582
1039 36.95549917398021
1040 37.29399916641414
1041 35.67799920253456
1042 38.52049913899973
1043 36.86049917610362
1044 36.210499190632255
1045 36.66549918046221
1046 36.792999177612366
1047 37.04549917196855
1048 38.72649913439527
1049 38.32049914347008
1050 37.06899917144328
1051 38.02699915003031
1052 36.90199917517602
1053 37.18899916876107
1054 37.255499167274685
1055 36.55049918303266
1056 36.56699918266386
1057 35.85899919848889
1058 36.28049918906763
1059 37.71299915704876
1060 36.826999176852404
1061 37.47449916237965
1062 36.06749919382855
1063 36.97049917364493
1064 35.33249921025708
1065 37.30299916621298
1066 36.471499184798446
1067 35.21299921292812
1068 36.404499186296015
1069 36.59499918203801
1070 36.973999173566696
1071 35.52449920596555
1072 34.465499229636045
1073 35.52649920592084
1074 35.499999206513166
1075 37.55799916051328
1076 34.7194992239587
1077 36.25899918954819
1078 33.903499242197725
1079 36.47199918478727
1080 36.01999919489026
1081 36.58049918236211
1082 38.02849914999679
1083 38.08299914877862
1084 38.25249914499
1085 37.903999152779576
1086 38.07749914890155
1087 35.44249920779839
1088 37.585999159887436
1089 36.99149917317554
1090 36.51649918379262
1091 33.95049924114719
1092 36.07449919367209
1093 36.2569991895929
1094 35.73799920119345
1095 36.54849918307737
1096 36.121499192621556
1097 37.45499916281551
1098 37.954499151650815
1099 37.5334991610609
1100 37.96399915143847
1101 37.68749915761873
1102 36.89449917534366
1103 36.845999176427725
1104 35.23599921241403
1105 36.34549918761477
1106 35.83299919907004
1107 35.5069992063567
1108 37.095499170850964
1109 36.7419991787523
1110 38.235999145358804
1111 37.237499167677015
1112 37.24049916760996
1113 38.52749913884327
1114 38.29099914412946
1115 38.41499914135784
1116 37.90949915265664
1117 37.75649915607646
1118 36.89849917525426
1119 37.53649916099384
1120 35.722499201539904
1121 37.04299917202443
1122 38.66049913587049
1123 38.84899913165718
1124 38.203499146085235
1125 39.06999912671745
1126 39.01799912787974
1127 39.133499125298115
1128 39.23649912299588
1129 39.34599912054837
1130 38.807999132573606
1131 38.7374991341494
1132 37.027999172359706
1133 38.41199914142489
1134 38.090999148599806
1135 37.832999154366554
1136 36.966499173734334
1137 37.55699916053563
1138 37.51499916147441
1139 35.959999196231365
1140 34.683499224763366
1141 35.94749919651076
1142 35.98599919565022
1143 36.24849918978289
1144 37.03699917215854
1145 36.43549918560311
1146 35.027499217074364
1147 36.923499174695465
1148 35.01799921728671
1149 35.01149921743199
1150 35.93049919689074
1151 37.44499916303903
1152 37.162499169353396
1153 37.32599916569889
1154 36.95999917387962
1155 37.330499165598305
1156 36.68299918007106
1157 37.38499916438013
1158 37.72499915678054
1159 37.813499154802415
1160 37.65499915834516
1161 37.33749916544184
1162 36.078999193571505
1163 38.13499914761633
1164 37.59599915966392
1165 38.128499147761616
1166 37.82499915454537
1167 37.774999155662954
1168 38.24849914507941
1169 38.23699914533645
1170 36.99449917310849
1171 35.961499196197835
1172 37.39849916407839
1173 38.58249913761392
1174 37.234999167732894
1175 38.016499150265005
1176 37.03099917229265
1177 37.11299917045981
1178 37.64349915860221
1179 38.129999147728086
1180 37.832999154366554
1181 37.01599917262793
1182 36.76449917824939
1183 38.00299915056676
1184 37.374499164614825
1185 38.1944991462864
1186 36.228999190218744
1187 37.02849917234853
1188 35.39749920880422
1189 34.54899922776967
1190 36.28999918885529
1191 37.24299916755408
1192 37.99849915066734
1193 38.203499146085235
1194 37.23949916763231
1195 38.08399914875626
1196 36.61049918169156
1197 36.68049918012694
1198 37.19699916858226
1199 37.19799916855991
1200 37.6929991574958
1201 36.198999190889296
1202 37.140499169845135
1203 37.987999150902034
1204 36.86999917589128
1205 37.69049915755168
1206 37.901499152835456
1207 38.11699914801866
1208 37.80799915492535
1209 39.00699912812561
1210 38.66449913578108
1211 38.46149914031848
1212 38.01199915036559
1213 38.41149914143607
1214 38.58549913754687
1215 37.875499153416605
1216 37.239999167621136
1217 37.38299916442484
1218 37.449499162938444
1219 37.468999162502584
1220 37.62449915902689
1221 35.62199920378625
1222 37.6349991587922
1223 38.04399914965033
1224 37.36649916479364
1225 35.454999207518995
1226 36.83249917672947
1227 37.26749916700646
1228 37.294499166402964
1229 37.83999915421009
1230 37.90249915281311
1231 37.990499150846155
1232 37.733499156590554
1233 37.941499151941386
1234 37.84099915418774
1235 37.70999915711582
1236 37.94499915186316
1237 38.0349991498515
1238 37.4629991626367
1239 36.95699917394668
1240 36.418499185983094
1241 36.83549917666242
1242 38.13799914754927
1243 36.99349917313084
1244 34.602499226573855
1245 37.39199916422367
1246 35.54299920555204
1247 36.26549918940291
1248 37.508499161619696
1249 37.93299915213138
1250 37.65899915825575
1251 37.94949915176257
1252 37.95849915156141
1253 38.17749914666638
1254 38.04649914959445
1255 37.90749915270135
1256 37.113499170448634
1257 37.63599915876985
1258 36.580999182350936
1259 36.80499917734414
1260 36.9574991739355
1261 35.3659992095083
1262 36.10049919309095
1263 37.51049916157499
1264 38.692999135144056
1265 38.362499142531306
1266 38.455499140452595
1267 37.75399915613234
1268 36.97649917351082
1269 36.752999178506435
1270 37.78549915542826
1271 37.762999155931176
1272 37.09599917083979
1273 37.34149916535243
1274 36.89199917539954
1275 35.55399920530617
1276 36.86399917602539
1277 36.5264991835691
1278 36.59499918203801
1279 37.5169991614297
1280 37.96899915132671
1281 36.594499182049184
1282 35.69999920204282
1283 35.069999216124415
1284 31.894999287091196
1285 34.57749922713265
1286 35.66399920284748
1287 35.11849921504036
1288 35.534999205730855
1289 35.94949919646606
1290 36.08549919342622
1291 36.67399918027222
1292 35.17499921377748
1293 36.48799918442965
1294 37.197499168571085
1295 36.0269991947338
1296 36.62599918134511
1297 37.34449916528538
1298 36.19599919095636
1299 35.149999214336276
1300 35.46649920726195
1301 35.58199920468032
1302 37.28449916662648
1303 36.40099918637425
1304 37.48099916223437
1305 36.367999187111856
1306 36.65799918062985
1307 37.503499161731455
1308 36.733499178942296
1309 37.01299917269498
1310 37.429999163374305
1311 37.00199917294085
1312 36.18799919113517
1313 38.26249914476648
1314 38.323499143403026
1315 38.09799914844334
1316 38.80849913256243
1317 38.95999912917614
1318 38.31549914358184
1319 38.360999142564836
1320 38.97949912874028
1321 38.19549914626405
1322 35.37199920937419
1323 35.58649920457974
1324 35.75299920085818
1325 35.5814992046915
1326 33.18449925826862
1327 35.03899921681732
1328 36.03799919448793
1329 37.38049916448072
1330 37.57949916003272
1331 36.81599917709828
1332 38.76099913362414
1333 38.163499146979305
1334 38.65399913601577
1335 38.40699914153665
1336 38.8969991305843
1337 38.470999140106144
1338 38.403999141603705
1339 38.5364991386421
1340 38.031999149918555
1341 38.46499914024025
1342 37.97549915118143
1343 38.36599914245308
1344 38.30149914389476
1345 37.659999158233404
1346 36.61049918169156
1347 36.25099918972701
1348 35.200499213207515
1349 35.5939992044121
1350 34.294999233447015
1351 35.98899919558316
1352 35.57549920482561
1353 35.98499919567257
1354 33.708499246556315
1355 36.33649918781593
1356 34.737999223545195
1357 38.110499148163946
1358 37.600499159563334
1359 38.15649914713576
1360 38.02399915009737
1361 38.51299913916737
1362 37.87999915331602
1363 37.255499167274685
1364 37.45399916283786
1365 36.62349918140099
1366 35.02549921711907
1367 35.2519992120564
1368 33.76449924530461
1369 34.93249921919778
1370 36.53099918346852
1371 37.18599916882813
1372 37.508499161619696
1373 37.03299917224795
1374 37.197499168571085
1375 35.27299921158701
1376 36.914499174896626
1377 37.485499162133785
1378 36.196999190934
1379 37.59049915978685
1380 36.19749919092283
1381 35.88299919795245
1382 35.92849919693545
1383 37.00849917279557
1384 35.31099921073765
1385 34.91799921952188
1386 33.06649926090613
1387 36.72449917914346
1388 35.86249919841066
1389 35.357999209687115
1390 34.640999225713315
1391 35.902999197505416
1392 36.26199918948114
1393 36.32649918803945
1394 34.81649922179058
1395 36.533499183412644
1396 35.127999214828016
1397 35.48299920689315
1398 36.70999917946756
1399 37.04049917208031
1400 38.281499144341794
1401 38.114499148074536
1402 38.18649914646521
1403 38.536999138630925
1404 38.53499913867563
1405 37.850999153964224
1406 37.4754991623573
1407 37.72549915676937
1408 37.76899915579706
1409 37.71199915707111
1410 35.93349919682369
1411 38.203499146085235
1412 38.442499140743166
1413 38.0224991501309
1414 37.88399915322661
1415 36.11299919281155
1416 37.161499169375745
1417 37.36049916492775
1418 36.6444991809316
1419 35.8404991989024
1420 36.13999919220805
1421 35.32399921044707
1422 36.18949919110164
1423 35.046999216638504
1424 34.80349922208116
1425 34.197999235615136
1426 36.32099918816239
1427 35.38849920900539
1428 35.2354992124252
1429 35.5379992056638
1430 33.793999244645235
1431 33.9299992416054
1432 35.786999200098215
1433 35.19699921328574
1434 36.60799918174744
1435 34.49599922895432
1436 37.44999916292727
1437 37.43749916320667
