0 0.14149999683722853
1 0.7579999830573797
2 0.6259999860078096
3 0.8769999803975225
4 0.7799999825656414
5 0.7819999825209379
6 0.8259999815374612
7 1.258499971870333
8 1.0324999769218266
9 1.0479999765753747
10 0.9134999795816838
11 1.2869999712333082
12 1.2689999716356397
13 1.5404999655671419
14 1.444499967712909
15 1.2134999728761613
16 1.5124999661929905
17 1.6019999641925096
18 1.5174999660812318
19 1.4654999672435225
20 1.7639999605715275
21 1.723499961476773
22 2.260999949462712
23 1.6409999633207917
24 2.188999951072037
25 2.629999941214919
26 3.0224999324418604
27 2.8339999366551636
28 3.3174999258480966
29 2.91099993493408
30 4.5634998979978265
31 3.9244999122805893
32 3.7399999164044857
33 4.580999897606671
34 4.464999900199473
35 5.029499887581915
36 5.09799988605082
37 5.134999885223806
38 5.148999884910881
39 4.860499891359359
40 5.292499881703407
41 6.450499855820089
42 7.497499832417816
43 6.4904998549260196
44 6.701499850209802
45 7.911499823164195
46 7.046999842487276
47 8.925499800499528
48 8.293999814614654
49 9.46699978839606
50 9.957999777421355
51 9.971499777119607
52 10.210999771766364
53 9.720499782729894
54 10.04449977548793
55 10.620499762613326
56 11.616499740350992
57 11.967999732494354
58 13.520999697782099
59 13.558499696943908
60 17.436999610252677
61 16.10149964010343
62 17.323999612778426
63 16.216999637521802
64 17.161499616410584
65 16.283499636035412
66 20.39399954415858
67 17.72899960372597
68 17.589499606844036
69 18.653499583061784
70 20.210999548248946
71 22.95999948680401
72 22.09449950614944
73 18.641999583318828
74 20.4254995434545
75 21.739499514084308
76 23.18199948184192
77 22.874999488703907
78 22.276499502081425
79 22.06149950688705
80 21.47099952008575
81 22.901499488111586
82 22.41649949895218
83 23.11999948322773
84 22.570499495510013
85 26.247499413322657
86 24.661999448761343
87 26.128499415982514
88 25.760499424207957
89 24.985499441530557
90 27.658999381773175
91 28.885999354347586
92 27.881999376788734
93 28.44049936430529
94 30.542999317310752
95 29.77149933455512
96 30.225999324396252
97 29.79699933398515
98 30.892499309498817
99 29.661999337002634
100 31.133499304112046
101 29.740499335248025
102 31.333999299630523
103 32.75849926779047
104 32.24749927921221
105 31.676499291975052
106 31.858499287907033
107 31.69549929155037
108 29.449999341741204
109 34.45599922984839
110 30.839999310672283
111 32.632499270606786
112 34.29699923340231
113 32.17249928088859
114 32.88499926496297
115 33.64849924789742
116 33.72499924618751
117 33.85099924337119
118 34.869999220594764
119 34.85249922098592
120 34.48299922924489
121 35.222499212715775
122 35.54349920554087
123 35.52449920596555
124 34.11099923755974
125 33.74699924569577
126 35.6644992028363
127 34.95599921867252
128 35.390499208960684
129 35.481999206915496
130 35.32149921050295
131 36.11149919284507
132 37.28999916650355
133 36.110999192856255
134 36.825499176885934
135 36.73199917897582
136 37.7469991562888
137 37.722999156825246
138 38.09599914848805
139 38.48099913988263
140 38.42949914103374
141 37.61249915929511
142 38.978999128751454
143 38.48949913969263
144 38.575499137770386
145 38.94699912946671
146 38.81799913235009
147 37.96699915137142
148 37.62199915908277
149 38.4409991407767
150 37.655999158322814
151 37.74849915625528
152 37.463499162625524
153 38.11299914810807
154 37.42299916353077
155 37.53249916108325
156 37.780999155528846
157 37.252999167330564
158 37.98299915101379
159 37.335499165486546
160 37.99749915068969
161 37.087499171029776
162 36.87499917577952
163 36.97549917353317
164 37.717999156937005
165 37.58849915983156
166 37.86599915362895
167 38.52849913882092
168 38.45649914043024
169 37.96549915140495
170 38.37449914226308
171 38.10099914837629
172 37.92899915222078
173 38.08549914872274
174 37.965999151393774
175 36.853999176248905
176 37.19249916868284
177 36.47199918478727
178 38.11799914799631
179 37.607999159395696
180 36.96299917381257
181 38.16799914687872
182 37.85799915380776
183 38.77649913327768
184 38.32799914330244
185 37.78599915541709
186 37.33599916547537
187 37.67299915794283
188 37.84699915405363
189 37.916999152489005
190 37.990499150846155
191 37.94349915189669
192 38.40699914153665
193 37.641999158635734
194 35.27649921150878
195 36.153499191906306
196 37.92049915241078
197 37.746499156299976
198 37.77699915561825
199 38.417999141290785
200 38.160999147035184
201 38.784999133087695
202 38.85399913154542
203 38.21999914571643
204 37.90899915266782
205 38.3104991436936
206 37.98199915103614
207 38.047499149572104
208 38.96999912895262
209 38.198499146196994
210 38.483999139815566
211 38.77499913331121
212 38.06499914918095
213 37.629999158903956
214 36.2984991886653
215 37.59899915959686
216 36.610999181680384
217 38.251499145012346
218 38.171499146800485
219 38.05949914930388
220 39.018999127857384
221 38.56699913796037
222 38.43199914097786
223 37.91349915256724
224 38.531999138742684
225 38.24849914507941
226 37.095499170850964
227 37.67899915780872
228 38.863499131333086
229 38.180499146599324
230 38.25849914485589
231 39.00649912813678
232 39.24149912288412
233 38.70399913489818
234 38.89049913072959
235 37.88899915311485
236 37.445499163027854
237 38.48799913972616
238 37.88699915315956
239 38.4659991402179
240 38.82949913209304
241 38.164999146945775
242 38.614499136898665
243 38.8369991319254
244 39.1434991250746
245 37.78949915533885
246 37.009999172762036
247 36.57799918241799
248 36.270999189279976
249 36.02549919476733
250 37.75399915613234
251 37.72599915675819
252 38.06499914918095
253 37.965999151393774
254 37.61149915931746
255 37.40249916398898
256 37.81149915484711
257 37.56349916039035
258 37.2019991684705
259 37.52599916122854
260 36.99699917305261
261 36.42999918572605
262 38.51799913905561
263 38.99399912841618
264 39.26249912241474
265 38.382999142073096
266 39.12649912545457
267 39.29799912162125
268 38.743499134015295
269 37.893999153003094
270 38.65799913592637
271 38.84399913176894
272 38.48799913972616
273 38.25599914491177
274 38.150499147269876
275 38.00449915053323
276 36.657499180641025
277 37.2019991684705
278 37.80299915503711
279 37.549999160692096
280 38.47949913991615
281 38.14999914728105
282 38.0639991492033
283 38.65949913589284
284 37.8649991536513
285 38.46149914031848
286 38.154499147180466
287 36.907999175041915
288 38.26249914476648
289 37.64399915859103
290 38.31149914367124
291 38.61599913686514
292 37.84249915415421
293 38.19349914630875
294 37.4319991633296
295 36.826999176852404
296 37.456999162770806
297 36.17149919150397
298 37.897499152924865
299 37.611999159306286
300 39.010999128036204
301 38.44049914078787
302 38.48549913978204
303 38.288999144174156
304 37.97049915129319
305 38.48549913978204
306 38.47949913991615
307 38.04399914965033
308 38.40199914164841
309 36.870499175880106
310 37.85549915386364
311 35.919999197125435
312 36.75599917843938
313 37.67399915792048
314 37.66799915805459
315 38.34499914292246
316 37.88499915320426
317 37.83999915421009
318 38.74049913408235
319 38.17649914668873
320 38.65499913599342
321 38.29499914404005
322 38.84599913172424
323 37.784999155439436
324 36.84649917641654
325 37.07699917126447
326 37.63999915868044
327 38.029499149974434
328 38.35549914268777
329 39.063999126851556
330 38.6794991354458
331 38.33149914322421
332 38.667499135714024
333 38.043499149661514
334 38.15599914714694
335 38.381999142095445
336 38.67599913552404
337 38.57399913780391
338 37.90349915279076
339 37.336999165453015
340 38.638999136351046
341 38.535499138664456
342 38.981499128695575
343 39.225499123241754
344 38.40199914164841
345 37.78699915539473
346 38.10349914832041
347 37.51499916147441
348 37.55499916058034
349 38.16699914690107
350 38.19949914617464
351 37.456999162770806
352 36.1244991925545
353 35.645999203249815
354 37.899999152868986
355 37.34149916535243
356 38.09449914852157
357 37.94549915185198
358 35.43749920791015
359 38.92949912985787
360 38.25099914502353
361 38.44449914069846
362 38.265499144699426
363 37.7924991552718
364 38.674999135546386
365 38.430999141000214
366 38.227999145537616
367 38.512499139178544
368 37.844499154109506
369 37.075999171286824
370 38.575499137770386
371 37.24999916739762
372 38.78149913316592
373 37.685499157663436
374 37.7739991556853
375 38.40449914159253
376 38.494499139580874
377 38.83449913198128
378 38.69949913499877
379 37.53949916092679
380 35.48749920679256
381 37.73699915651232
382 36.65149918077513
383 37.6929991574958
384 37.99399915076792
385 37.78449915545061
386 38.266999144665895
387 38.532999138720335
388 37.78349915547297
389 38.2919991441071
390 38.53349913870916
391 38.93249912979081
392 38.42549914112315
393 38.014999150298536
394 37.9934991507791
395 38.79949913276359
396 37.94749915180728
397 38.21999914571643
398 38.17499914672226
399 39.096499126125124
400 38.946499129477886
401 38.355999142676595
402 38.55849913815037
403 38.894999130629
404 37.73699915651232
405 37.436499163229016
406 38.114499148074536
407 37.029999172315
408 37.82849915446714
409 37.83749915426597
410 37.64249915862456
411 38.106999148242174
412 38.97399912886321
413 36.95999917387962
414 36.39099918659777
415 37.06149917161092
416 37.24799916744232
417 36.39549918649718
418 36.60349918184802
419 37.491999161988495
420 38.10849914820865
421 36.96199917383492
422 38.20049914615229
423 37.22499916795641
424 37.50699916165322
425 36.785499177780004
426 36.303499188553545
427 37.6744991579093
428 37.318999165855345
429 38.473499140050265
430 38.15249914722517
431 37.93449915209785
432 38.88099913094193
433 39.10449912594631
434 38.355999142676595
435 38.55999913811684
436 38.09799914844334
437 39.00399912819266
438 38.748999133892355
439 38.79449913287535
440 38.530499138776214
441 37.6909991575405
442 36.87099917586893
443 37.27799916677177
444 34.78649922246113
445 35.64299920331687
446 37.91149915261194
447 38.99999912828207
448 38.06849914910272
449 38.26849914463237
450 38.1924991463311
451 38.02349915010855
452 37.43999916315079
453 37.91599915251136
454 38.9694991289638
455 36.69699917975813
456 38.712499134708196
457 38.51699913907796
458 38.33049914324656
459 38.518999139033255
460 38.04099914971739
461 37.740999156422916
462 37.88549915319309
463 37.43299916330725
464 38.142999147437514
465 38.10399914830923
466 38.943999129533765
467 38.147999147325756
468 37.53999916091561
469 38.132499147672206
470 38.66399913579225
471 38.184499146509914
472 38.44199914075434
473 38.22399914562702
474 38.07799914889038
475 38.64449913622811
476 38.165999146923426
477 38.35949914259836
478 36.74749917862937
479 37.32049916582182
480 38.48199913986027
481 38.0659991491586
482 37.87249915348366
483 37.623999159038064
484 38.712499134708196
485 39.11399912573397
486 39.12799912542105
487 38.78049913318828
488 39.035499127488585
489 38.40899914149195
490 39.00849912809208
491 39.10649912590161
492 38.79299913290888
493 37.862999153696
494 38.05599914938212
495 37.90549915274605
496 37.353999165073034
497 37.4444991630502
498 37.586499159876254
499 38.79349913289771
500 38.37999914214015
501 38.02349915010855
502 38.34799914285541
503 38.11599914804101
504 37.756999156065284
505 37.39299916420132
506 37.3469991652295
507 36.2114991906099
508 36.69949917970225
509 35.87949919803068
510 35.97999919578433
511 36.01399919502437
512 37.121499170269814
513 38.490499139670284
514 38.3374991430901
515 37.7054991572164
516 36.77199917808175
517 38.43449914092198
518 37.952999151684345
519 37.16999916918576
520 36.95549917398021
521 36.871999175846575
522 37.52399916127324
523 36.05899919401854
524 37.71249915705994
525 38.40349914161489
526 38.459499140363185
527 37.82849915446714
528 38.13099914770574
529 38.15749914711341
530 37.11049917051569
531 37.832999154366554
532 38.043499149661514
533 37.389999164268374
534 35.46099920738489
535 37.86949915355071
536 36.60949918171391
537 36.6694991803728
538 38.56899913791567
539 37.23449916774407
540 38.59699913728982
541 38.78799913302064
542 39.136499125231055
543 39.20049912380055
544 39.26399912238121
545 39.24399912282824
546 39.06849912675098
547 39.19799912385643
548 39.12899912539869
549 38.73099913429469
550 38.14149914747104
551 37.777499155607074
552 38.28049914436415
553 37.72649915674701
554 38.66049913587049
555 38.68449913533404
556 38.68849913524464
557 38.865999131277206
558 37.6059991594404
559 38.16799914687872
560 37.84499915409833
561 38.00499915052205
562 38.49399913959205
563 37.180499168951066
564 37.94249915191904
565 37.83149915440008
566 39.0669991267845
567 39.25349912261591
568 38.42999914102256
569 38.40499914158136
570 38.28799914419651
571 37.623499159049246
572 38.54949913835153
573 38.33299914319068
574 38.65499913599342
575 38.50099913943559
576 38.1799991466105
577 38.13799914754927
578 38.5799991376698
579 38.21549914581701
580 37.61549915922806
581 38.029499149974434
582 38.40749914152548
583 38.966999129019676
584 38.80099913273007
585 37.63599915876985
586 38.0349991498515
587 38.99349912842736
588 39.12649912545457
589 38.22649914557114
590 37.95399915166199
591 38.07999914884567
592 37.876999153383075
593 36.911999174952506
594 38.14599914737046
595 37.23549916772172
596 38.29849914396182
597 38.8554991315119
598 39.22899912316352
599 39.38099911976606
600 38.31949914349243
601 37.75499915610999
602 38.19149914635345
603 38.625999136641624
604 38.73099913429469
605 37.80799915492535
606 38.519999139010906
607 38.4099991414696
608 37.844499154109506
609 38.50349913937971
610 37.37099916469306
611 38.39249914186075
612 38.21999914571643
613 37.87149915350601
614 38.818499132338914
615 38.80249913269654
616 38.93149912981316
617 38.65899913590401
618 38.570499137882145
619 38.917999130114914
620 38.50699913930148
621 38.555999138206246
622 38.79199913293123
623 37.436499163229016
624 37.13899916987866
625 37.228999167867
626 34.912499219644815
627 36.306499188486484
628 37.72749915672466
629 37.397499164100736
630 37.81249915482476
631 37.98349915100262
632 35.4489992076531
633 37.605499159451576
634 36.70849917950109
635 37.487999162077905
636 38.33899914305657
637 38.20049914615229
638 38.246499145124105
639 38.76149913361296
640 38.25749914487824
641 38.4949991395697
642 38.871499131154266
643 38.978999128751454
644 38.76749913347885
645 38.66149913584813
646 37.61149915931746
647 38.62649913663044
648 37.76349915592
649 37.86199915371835
650 37.10749917058274
651 38.64299913626164
652 38.8284991321154
653 38.616999136842786
654 38.45199914053082
655 38.01949915019795
656 38.16699914690107
657 38.61649913685396
658 35.277999211475255
659 35.75049920091406
660 38.260499144811185
661 36.50049918415025
662 37.53699916098267
663 38.38699914198369
664 37.5209991613403
665 37.63349915882573
666 37.257999167218806
667 38.89199913069606
668 38.69249913515523
669 39.00799912810326
670 39.18649912411347
671 38.94199912957847
