0 -0.004999999888241291
1 -0.004999999888241291
2 -0.004999999888241291
3 -0.004999999888241291
4 -0.004999999888241291
5 -0.004999999888241291
6 -0.004999999888241291
7 -0.004999999888241291
8 -0.004999999888241291
9 -0.004999999888241291
10 -0.004999999888241291
11 0.04500000085681677
12 -0.004999999888241291
13 -0.004999999888241291
14 -0.004999999888241291
15 -0.004999999888241291
16 -0.004999999888241291
17 -0.004999999888241291
18 -0.004999999888241291
19 -0.004999999888241291
20 -0.004999999888241291
21 -0.004999999888241291
22 -0.004999999888241291
23 -0.004999999888241291
24 -0.004999999888241291
25 -0.004999999888241291
26 -0.004999999888241291
27 -0.004999999888241291
28 -0.004999999888241291
29 -0.004999999888241291
30 -0.004999999888241291
31 -0.004999999888241291
32 -0.004999999888241291
33 -0.004999999888241291
34 -0.004999999888241291
35 -0.004999999888241291
36 -0.004999999888241291
37 -0.004999999888241291
38 -0.004999999888241291
39 -0.004999999888241291
40 -0.004999999888241291
41 -0.004999999888241291
42 -0.004999999888241291
43 -0.004999999888241291
44 -0.004999999888241291
45 -0.004999999888241291
46 -0.004999999888241291
47 -0.004999999888241291
48 -0.004999999888241291
49 -0.004999999888241291
50 -0.004999999888241291
51 -0.004999999888241291
52 -0.004999999888241291
53 -0.004999999888241291
54 -0.004999999888241291
55 -0.004999999888241291
56 -0.004999999888241291
57 -0.004999999888241291
58 -0.004999999888241291
59 -0.004999999888241291
60 -0.004999999888241291
61 -0.004999999888241291
62 -0.004999999888241291
63 -0.004999999888241291
64 -0.004999999888241291
65 -0.004999999888241291
66 -0.004999999888241291
67 -0.004999999888241291
68 -0.004999999888241291
69 -0.004999999888241291
70 -0.004999999888241291
71 -0.004999999888241291
72 -0.004999999888241291
73 -0.004999999888241291
74 -0.004999999888241291
75 -0.004999999888241291
76 -0.004999999888241291
77 -0.004999999888241291
78 -0.004999999888241291
79 -0.004999999888241291
80 -0.004999999888241291
81 -0.004999999888241291
82 -0.004999999888241291
83 -0.004999999888241291
84 -0.004999999888241291
85 -0.004999999888241291
86 -0.004999999888241291
87 -0.004999999888241291
88 -0.004999999888241291
89 -0.004999999888241291
90 -0.004999999888241291
91 -0.004999999888241291
92 -0.004999999888241291
93 -0.004999999888241291
94 -0.004999999888241291
95 -0.004999999888241291
96 -0.004999999888241291
97 -0.004999999888241291
98 -0.004999999888241291
99 -0.004999999888241291
100 -0.004999999888241291
101 -0.004999999888241291
102 -0.004999999888241291
103 -0.004999999888241291
104 -0.004999999888241291
105 -0.004999999888241291
106 -0.004999999888241291
107 -0.004999999888241291
108 -0.004999999888241291
109 0.04500000085681677
110 -0.004999999888241291
111 0.04500000085681677
112 -0.004999999888241291
113 -0.004999999888241291
114 -0.004999999888241291
115 -0.004999999888241291
116 0.04500000085681677
117 -0.004999999888241291
118 -0.004999999888241291
119 -0.004999999888241291
120 -0.004999999888241291
121 -0.004999999888241291
122 -0.004999999888241291
123 -0.004999999888241291
124 -0.004999999888241291
125 -0.004999999888241291
126 -0.004999999888241291
127 -0.004999999888241291
128 -0.004999999888241291
129 -0.004999999888241291
130 -0.004999999888241291
131 -0.004999999888241291
132 0.04500000085681677
133 -0.004999999888241291
134 -0.004999999888241291
135 -0.004999999888241291
136 -0.004999999888241291
137 -0.004999999888241291
138 -0.004999999888241291
139 -0.004999999888241291
140 -0.004999999888241291
141 -0.004999999888241291
142 -0.004999999888241291
143 -0.004999999888241291
144 -0.004999999888241291
145 -0.004999999888241291
146 -0.004999999888241291
147 -0.004999999888241291
148 -0.004999999888241291
149 -0.004999999888241291
150 -0.004999999888241291
151 0.04500000085681677
152 -0.004999999888241291
153 -0.004999999888241291
154 0.04500000085681677
155 -0.004999999888241291
156 -0.004999999888241291
157 -0.004999999888241291
158 -0.004999999888241291
159 -0.004999999888241291
160 -0.004999999888241291
161 -0.004999999888241291
162 -0.004999999888241291
163 -0.004999999888241291
164 -0.004999999888241291
165 -0.004999999888241291
166 -0.004999999888241291
167 -0.004999999888241291
168 -0.004999999888241291
169 -0.004999999888241291
170 -0.004999999888241291
171 -0.004999999888241291
172 0.09500000160187483
173 -0.004999999888241291
174 0.04500000085681677
175 0.04500000085681677
176 -0.004999999888241291
177 -0.004999999888241291
178 -0.004999999888241291
179 -0.004999999888241291
180 -0.004999999888241291
181 0.04500000085681677
182 -0.004999999888241291
183 -0.004999999888241291
184 -0.004999999888241291
185 -0.004999999888241291
186 -0.004999999888241291
187 0.04500000085681677
188 0.04500000085681677
189 -0.004999999888241291
190 -0.004999999888241291
191 -0.004999999888241291
192 -0.004999999888241291
193 -0.004999999888241291
194 0.245000003837049
195 0.04500000085681677
196 0.09500000160187483
197 -0.004999999888241291
198 -0.004999999888241291
199 0.04500000085681677
200 -0.004999999888241291
201 0.1450000023469329
202 0.04500000085681677
203 -0.004999999888241291
204 -0.004999999888241291
205 -0.004999999888241291
206 -0.004999999888241291
207 0.04500000085681677
208 -0.004999999888241291
209 0.04500000085681677
210 -0.004999999888241291
211 -0.004999999888241291
212 -0.004999999888241291
213 -0.004999999888241291
214 -0.004999999888241291
215 -0.004999999888241291
216 -0.004999999888241291
217 -0.004999999888241291
218 -0.004999999888241291
219 -0.004999999888241291
220 -0.004999999888241291
221 -0.004999999888241291
222 -0.004999999888241291
223 -0.004999999888241291
224 -0.004999999888241291
225 -0.004999999888241291
226 -0.004999999888241291
227 -0.004999999888241291
228 -0.004999999888241291
229 -0.004999999888241291
230 -0.004999999888241291
231 -0.004999999888241291
232 -0.004999999888241291
233 -0.004999999888241291
234 -0.004999999888241291
235 -0.004999999888241291
236 -0.004999999888241291
237 -0.004999999888241291
238 -0.004999999888241291
239 -0.004999999888241291
240 -0.004999999888241291
241 -0.004999999888241291
242 -0.004999999888241291
243 -0.004999999888241291
244 -0.004999999888241291
245 -0.004999999888241291
246 -0.004999999888241291
247 -0.004999999888241291
248 -0.004999999888241291
249 -0.004999999888241291
250 -0.004999999888241291
251 -0.004999999888241291
252 -0.004999999888241291
253 -0.004999999888241291
254 -0.004999999888241291
255 -0.004999999888241291
256 -0.004999999888241291
257 -0.004999999888241291
258 -0.004999999888241291
259 -0.004999999888241291
260 -0.004999999888241291
261 -0.004999999888241291
262 -0.004999999888241291
263 -0.004999999888241291
264 -0.004999999888241291
265 -0.004999999888241291
266 -0.004999999888241291
267 -0.004999999888241291
268 -0.004999999888241291
269 -0.004999999888241291
270 -0.004999999888241291
271 -0.004999999888241291
272 -0.004999999888241291
273 -0.004999999888241291
274 -0.004999999888241291
275 -0.004999999888241291
276 -0.004999999888241291
277 -0.004999999888241291
278 -0.004999999888241291
279 -0.004999999888241291
280 -0.004999999888241291
281 0.04500000085681677
282 -0.004999999888241291
283 -0.004999999888241291
284 -0.004999999888241291
285 -0.004999999888241291
286 -0.004999999888241291
287 -0.004999999888241291
288 -0.004999999888241291
289 -0.004999999888241291
290 -0.004999999888241291
291 -0.004999999888241291
292 -0.004999999888241291
293 -0.004999999888241291
294 -0.004999999888241291
295 -0.004999999888241291
296 -0.004999999888241291
297 -0.004999999888241291
298 -0.004999999888241291
299 -0.004999999888241291
300 -0.004999999888241291
301 -0.004999999888241291
302 -0.004999999888241291
303 -0.004999999888241291
304 -0.004999999888241291
305 -0.004999999888241291
306 -0.004999999888241291
307 -0.004999999888241291
308 -0.004999999888241291
309 -0.004999999888241291
310 -0.004999999888241291
311 -0.004999999888241291
312 -0.004999999888241291
313 -0.004999999888241291
314 -0.004999999888241291
315 -0.004999999888241291
316 -0.004999999888241291
317 -0.004999999888241291
318 -0.004999999888241291
319 -0.004999999888241291
320 -0.004999999888241291
321 -0.004999999888241291
322 -0.004999999888241291
323 -0.004999999888241291
324 -0.004999999888241291
325 -0.004999999888241291
326 -0.004999999888241291
327 -0.004999999888241291
328 -0.004999999888241291
329 -0.004999999888241291
330 -0.004999999888241291
331 -0.004999999888241291
332 -0.004999999888241291
333 -0.004999999888241291
334 -0.004999999888241291
335 -0.004999999888241291
336 -0.004999999888241291
337 -0.004999999888241291
338 -0.004999999888241291
339 -0.004999999888241291
340 -0.004999999888241291
341 -0.004999999888241291
342 -0.004999999888241291
343 -0.004999999888241291
344 -0.004999999888241291
345 -0.004999999888241291
346 -0.004999999888241291
347 -0.004999999888241291
348 -0.004999999888241291
349 -0.004999999888241291
350 -0.004999999888241291
351 -0.004999999888241291
352 -0.004999999888241291
353 -0.004999999888241291
354 -0.004999999888241291
355 -0.004999999888241291
356 -0.004999999888241291
357 -0.004999999888241291
358 -0.004999999888241291
359 -0.004999999888241291
360 -0.004999999888241291
361 -0.004999999888241291
362 -0.004999999888241291
363 -0.004999999888241291
364 -0.004999999888241291
365 -0.004999999888241291
366 -0.004999999888241291
367 -0.004999999888241291
368 -0.004999999888241291
369 -0.004999999888241291
370 -0.004999999888241291
371 -0.004999999888241291
372 -0.004999999888241291
373 -0.004999999888241291
374 -0.004999999888241291
375 -0.004999999888241291
376 -0.004999999888241291
377 -0.004999999888241291
378 -0.004999999888241291
379 -0.004999999888241291
380 -0.004999999888241291
381 -0.004999999888241291
382 -0.004999999888241291
383 -0.004999999888241291
384 -0.004999999888241291
385 -0.004999999888241291
386 -0.004999999888241291
387 -0.004999999888241291
388 -0.004999999888241291
389 -0.004999999888241291
390 -0.004999999888241291
391 -0.004999999888241291
392 -0.004999999888241291
393 -0.004999999888241291
394 -0.004999999888241291
395 -0.004999999888241291
396 -0.004999999888241291
397 -0.004999999888241291
398 -0.004999999888241291
399 -0.004999999888241291
400 -0.004999999888241291
401 -0.004999999888241291
402 -0.004999999888241291
403 -0.004999999888241291
404 -0.004999999888241291
405 -0.004999999888241291
406 -0.004999999888241291
407 -0.004999999888241291
408 -0.004999999888241291
409 -0.004999999888241291
410 -0.004999999888241291
411 -0.004999999888241291
412 -0.004999999888241291
413 -0.004999999888241291
414 -0.004999999888241291
415 -0.004999999888241291
416 -0.004999999888241291
417 -0.004999999888241291
418 -0.004999999888241291
419 -0.004999999888241291
420 -0.004999999888241291
421 -0.004999999888241291
422 -0.004999999888241291
423 -0.004999999888241291
424 -0.004999999888241291
425 -0.004999999888241291
426 -0.004999999888241291
427 -0.004999999888241291
428 -0.004999999888241291
429 -0.004999999888241291
430 -0.004999999888241291
431 -0.004999999888241291
432 0.04500000085681677
433 0.04500000085681677
434 0.04500000085681677
435 0.04500000085681677
436 0.04500000085681677
437 -0.004999999888241291
438 -0.004999999888241291
439 -0.004999999888241291
440 -0.004999999888241291
441 -0.004999999888241291
442 0.04500000085681677
443 -0.004999999888241291
444 -0.004999999888241291
445 -0.004999999888241291
446 -0.004999999888241291
447 0.04500000085681677
448 0.04500000085681677
449 0.04500000085681677
450 0.04500000085681677
451 0.04500000085681677
452 -0.004999999888241291
453 -0.004999999888241291
454 0.04500000085681677
455 0.04500000085681677
456 0.04500000085681677
457 0.04500000085681677
458 0.04500000085681677
459 0.04500000085681677
460 -0.004999999888241291
461 0.04500000085681677
462 -0.004999999888241291
463 -0.004999999888241291
464 -0.004999999888241291
465 0.04500000085681677
466 -0.004999999888241291
467 0.04500000085681677
468 -0.004999999888241291
469 0.04500000085681677
470 -0.004999999888241291
471 0.04500000085681677
472 0.04500000085681677
473 0.04500000085681677
474 0.04500000085681677
475 -0.004999999888241291
476 -0.004999999888241291
477 -0.004999999888241291
478 -0.004999999888241291
479 -0.004999999888241291
480 -0.004999999888241291
481 0.04500000085681677
482 0.04500000085681677
483 -0.004999999888241291
484 0.04500000085681677
485 0.04500000085681677
486 0.04500000085681677
487 0.04500000085681677
488 0.04500000085681677
489 0.04500000085681677
490 0.04500000085681677
491 0.04500000085681677
492 -0.004999999888241291
493 0.04500000085681677
494 -0.004999999888241291
495 -0.004999999888241291
496 -0.004999999888241291
497 0.04500000085681677
498 -0.004999999888241291
499 -0.004999999888241291
500 -0.004999999888241291
501 -0.004999999888241291
502 -0.004999999888241291
503 -0.004999999888241291
504 -0.004999999888241291
505 -0.004999999888241291
506 -0.004999999888241291
507 -0.004999999888241291
508 -0.004999999888241291
509 0.04500000085681677
510 0.04500000085681677
511 0.04500000085681677
512 -0.004999999888241291
513 -0.004999999888241291
514 -0.004999999888241291
515 -0.004999999888241291
516 -0.004999999888241291
517 -0.004999999888241291
518 -0.004999999888241291
519 -0.004999999888241291
520 -0.004999999888241291
521 -0.004999999888241291
522 -0.004999999888241291
523 -0.004999999888241291
524 -0.004999999888241291
525 -0.004999999888241291
526 -0.004999999888241291
527 -0.004999999888241291
528 -0.004999999888241291
529 -0.004999999888241291
530 -0.004999999888241291
531 -0.004999999888241291
532 -0.004999999888241291
533 -0.004999999888241291
534 -0.004999999888241291
535 -0.004999999888241291
536 -0.004999999888241291
537 -0.004999999888241291
538 -0.004999999888241291
539 -0.004999999888241291
540 -0.004999999888241291
541 0.04500000085681677
542 -0.004999999888241291
543 -0.004999999888241291
544 -0.004999999888241291
545 -0.004999999888241291
546 -0.004999999888241291
547 -0.004999999888241291
548 -0.004999999888241291
549 0.04500000085681677
550 0.04500000085681677
551 -0.004999999888241291
552 -0.004999999888241291
553 -0.004999999888241291
554 -0.004999999888241291
555 -0.004999999888241291
556 0.04500000085681677
557 -0.004999999888241291
558 -0.004999999888241291
559 0.04500000085681677
560 -0.004999999888241291
561 -0.004999999888241291
562 0.04500000085681677
563 -0.004999999888241291
564 -0.004999999888241291
565 -0.004999999888241291
566 -0.004999999888241291
567 -0.004999999888241291
568 0.04500000085681677
569 -0.004999999888241291
570 -0.004999999888241291
571 0.04500000085681677
572 -0.004999999888241291
573 0.04500000085681677
574 0.09500000160187483
575 -0.004999999888241291
576 -0.004999999888241291
577 -0.004999999888241291
578 -0.004999999888241291
579 -0.004999999888241291
580 -0.004999999888241291
581 -0.004999999888241291
582 -0.004999999888241291
583 -0.004999999888241291
584 -0.004999999888241291
585 -0.004999999888241291
586 -0.004999999888241291
587 -0.004999999888241291
588 -0.004999999888241291
589 -0.004999999888241291
590 -0.004999999888241291
591 -0.004999999888241291
592 -0.004999999888241291
593 -0.004999999888241291
594 -0.004999999888241291
595 -0.004999999888241291
596 -0.004999999888241291
597 -0.004999999888241291
598 -0.004999999888241291
599 -0.004999999888241291
600 -0.004999999888241291
601 -0.004999999888241291
602 -0.004999999888241291
603 -0.004999999888241291
604 -0.004999999888241291
605 -0.004999999888241291
606 -0.004999999888241291
607 -0.004999999888241291
608 -0.004999999888241291
609 -0.004999999888241291
610 0.04500000085681677
611 -0.004999999888241291
612 -0.004999999888241291
613 -0.004999999888241291
614 -0.004999999888241291
615 -0.004999999888241291
616 -0.004999999888241291
617 -0.004999999888241291
618 -0.004999999888241291
619 -0.004999999888241291
620 -0.004999999888241291
621 -0.004999999888241291
622 -0.004999999888241291
623 -0.004999999888241291
624 -0.004999999888241291
625 -0.004999999888241291
626 -0.004999999888241291
627 -0.004999999888241291
628 -0.004999999888241291
629 -0.004999999888241291
630 -0.004999999888241291
631 -0.004999999888241291
632 -0.004999999888241291
633 -0.004999999888241291
634 0.04500000085681677
635 -0.004999999888241291
636 -0.004999999888241291
637 0.04500000085681677
638 -0.004999999888241291
639 -0.004999999888241291
640 -0.004999999888241291
641 -0.004999999888241291
642 0.04500000085681677
643 -0.004999999888241291
644 -0.004999999888241291
645 -0.004999999888241291
646 -0.004999999888241291
647 -0.004999999888241291
648 -0.004999999888241291
649 -0.004999999888241291
650 -0.004999999888241291
651 -0.004999999888241291
652 -0.004999999888241291
653 -0.004999999888241291
654 -0.004999999888241291
655 0.04500000085681677
656 -0.004999999888241291
657 0.04500000085681677
658 0.04500000085681677
659 -0.004999999888241291
660 0.04500000085681677
661 0.04500000085681677
662 -0.004999999888241291
663 -0.004999999888241291
664 -0.004999999888241291
665 0.04500000085681677
666 0.04500000085681677
667 -0.004999999888241291
668 -0.004999999888241291
669 0.09500000160187483
670 -0.004999999888241291
671 -0.004999999888241291
672 -0.004999999888241291
673 -0.004999999888241291
674 0.04500000085681677
675 -0.004999999888241291
676 -0.004999999888241291
677 -0.004999999888241291
678 0.04500000085681677
679 -0.004999999888241291
680 -0.004999999888241291
681 -0.004999999888241291
682 -0.004999999888241291
683 -0.004999999888241291
684 -0.004999999888241291
685 -0.004999999888241291
686 -0.004999999888241291
687 -0.004999999888241291
688 -0.004999999888241291
689 -0.004999999888241291
690 -0.004999999888241291
691 -0.004999999888241291
692 -0.004999999888241291
693 0.04500000085681677
694 -0.004999999888241291
695 -0.004999999888241291
696 -0.004999999888241291
697 -0.004999999888241291
698 -0.004999999888241291
699 0.04500000085681677
700 -0.004999999888241291
701 -0.004999999888241291
702 -0.004999999888241291
703 0.04500000085681677
704 -0.004999999888241291
705 -0.004999999888241291
706 0.04500000085681677
707 -0.004999999888241291
708 -0.004999999888241291
709 0.04500000085681677
710 0.04500000085681677
711 -0.004999999888241291
712 -0.004999999888241291
713 -0.004999999888241291
714 -0.004999999888241291
715 -0.004999999888241291
716 -0.004999999888241291
717 -0.004999999888241291
718 0.04500000085681677
719 0.04500000085681677
720 -0.004999999888241291
721 0.04500000085681677
722 0.04500000085681677
723 -0.004999999888241291
724 0.04500000085681677
725 -0.004999999888241291
726 0.04500000085681677
727 -0.004999999888241291
728 -0.004999999888241291
729 -0.004999999888241291
730 0.04500000085681677
731 0.04500000085681677
732 -0.004999999888241291
733 -0.004999999888241291
734 -0.004999999888241291
735 0.04500000085681677
736 -0.004999999888241291
737 0.1450000023469329
738 0.04500000085681677
739 0.04500000085681677
740 0.04500000085681677
741 0.04500000085681677
742 0.04500000085681677
743 0.04500000085681677
744 -0.004999999888241291
745 -0.004999999888241291
746 0.04500000085681677
747 -0.004999999888241291
748 -0.004999999888241291
749 -0.004999999888241291
750 0.04500000085681677
751 0.04500000085681677
752 -0.004999999888241291
753 0.04500000085681677
754 0.04500000085681677
755 -0.004999999888241291
756 -0.004999999888241291
757 -0.004999999888241291
758 0.04500000085681677
759 0.04500000085681677
760 -0.004999999888241291
761 -0.004999999888241291
762 -0.004999999888241291
763 0.04500000085681677
764 0.04500000085681677
765 0.04500000085681677
766 0.04500000085681677
767 -0.004999999888241291
768 0.04500000085681677
769 0.04500000085681677
770 -0.004999999888241291
771 0.04500000085681677
772 0.04500000085681677
773 0.04500000085681677
774 0.04500000085681677
775 -0.004999999888241291
776 -0.004999999888241291
777 0.04500000085681677
778 0.04500000085681677
779 -0.004999999888241291
780 -0.004999999888241291
781 0.09500000160187483
782 -0.004999999888241291
783 -0.004999999888241291
784 0.04500000085681677
785 0.04500000085681677
786 0.04500000085681677
787 -0.004999999888241291
788 -0.004999999888241291
789 0.04500000085681677
790 0.04500000085681677
791 0.04500000085681677
792 0.04500000085681677
793 -0.004999999888241291
794 0.04500000085681677
795 -0.004999999888241291
796 -0.004999999888241291
797 -0.004999999888241291
798 0.04500000085681677
799 0.09500000160187483
800 -0.004999999888241291
801 0.04500000085681677
802 -0.004999999888241291
803 0.04500000085681677
804 0.04500000085681677
805 0.04500000085681677
806 0.04500000085681677
807 0.04500000085681677
808 0.04500000085681677
809 0.04500000085681677
810 0.04500000085681677
811 -0.004999999888241291
812 -0.004999999888241291
813 -0.004999999888241291
814 -0.004999999888241291
815 -0.004999999888241291
816 0.04500000085681677
817 0.04500000085681677
818 0.04500000085681677
819 0.04500000085681677
820 0.04500000085681677
821 -0.004999999888241291
822 -0.004999999888241291
823 -0.004999999888241291
824 -0.004999999888241291
825 0.04500000085681677
826 -0.004999999888241291
827 -0.004999999888241291
828 -0.004999999888241291
829 0.04500000085681677
830 -0.004999999888241291
831 0.04500000085681677
832 -0.004999999888241291
833 0.04500000085681677
834 -0.004999999888241291
835 0.04500000085681677
836 0.04500000085681677
837 -0.004999999888241291
838 -0.004999999888241291
839 0.04500000085681677
840 0.09500000160187483
841 0.04500000085681677
842 0.04500000085681677
843 -0.004999999888241291
844 0.04500000085681677
845 0.04500000085681677
846 0.04500000085681677
847 -0.004999999888241291
848 -0.004999999888241291
849 -0.004999999888241291
850 -0.004999999888241291
851 -0.004999999888241291
852 -0.004999999888241291
853 0.04500000085681677
854 0.04500000085681677
855 0.04500000085681677
856 0.04500000085681677
857 -0.004999999888241291
858 0.04500000085681677
859 0.04500000085681677
860 -0.004999999888241291
861 0.04500000085681677
862 0.04500000085681677
863 0.04500000085681677
864 0.04500000085681677
865 0.04500000085681677
866 0.04500000085681677
867 0.04500000085681677
868 0.04500000085681677
869 0.04500000085681677
870 0.04500000085681677
871 0.04500000085681677
872 0.04500000085681677
873 0.04500000085681677
874 0.04500000085681677
875 0.04500000085681677
876 0.04500000085681677
877 0.04500000085681677
878 0.04500000085681677
879 0.04500000085681677
880 0.04500000085681677
881 0.04500000085681677
882 0.04500000085681677
883 0.04500000085681677
884 0.04500000085681677
885 0.04500000085681677
886 0.09500000160187483
887 0.04500000085681677
888 0.04500000085681677
889 0.04500000085681677
890 0.04500000085681677
891 0.04500000085681677
892 0.04500000085681677
893 0.04500000085681677
894 0.04500000085681677
895 0.04500000085681677
896 0.04500000085681677
897 0.04500000085681677
898 0.04500000085681677
899 0.04500000085681677
900 0.04500000085681677
901 0.04500000085681677
902 0.09500000160187483
903 0.04500000085681677
904 0.04500000085681677
905 0.04500000085681677
906 0.04500000085681677
907 0.04500000085681677
908 0.04500000085681677
909 0.04500000085681677
910 0.04500000085681677
911 0.04500000085681677
912 -0.004999999888241291
913 0.04500000085681677
914 0.04500000085681677
915 0.04500000085681677
916 0.04500000085681677
917 0.04500000085681677
918 0.04500000085681677
919 0.04500000085681677
920 0.04500000085681677
921 0.04500000085681677
922 0.09500000160187483
923 0.04500000085681677
924 0.04500000085681677
925 0.04500000085681677
926 0.04500000085681677
927 0.04500000085681677
928 0.04500000085681677
929 0.04500000085681677
930 0.04500000085681677
931 0.04500000085681677
932 0.04500000085681677
933 0.04500000085681677
934 0.04500000085681677
935 -0.004999999888241291
936 0.04500000085681677
937 0.3450000053271651
938 0.04500000085681677
939 0.04500000085681677
940 0.04500000085681677
941 0.04500000085681677
942 0.09500000160187483
943 0.04500000085681677
944 0.04500000085681677
945 0.04500000085681677
946 0.04500000085681677
947 0.04500000085681677
948 0.04500000085681677
949 0.04500000085681677
950 0.04500000085681677
951 0.04500000085681677
952 0.04500000085681677
953 0.04500000085681677
954 0.04500000085681677
955 0.04500000085681677
956 0.04500000085681677
957 0.04500000085681677
958 0.04500000085681677
959 0.04500000085681677
960 0.04500000085681677
961 0.04500000085681677
962 0.04500000085681677
963 0.04500000085681677
964 0.04500000085681677
965 0.04500000085681677
966 0.04500000085681677
967 0.04500000085681677
968 0.04500000085681677
969 0.04500000085681677
970 0.04500000085681677
971 0.04500000085681677
972 0.04500000085681677
973 0.04500000085681677
974 0.04500000085681677
975 0.04500000085681677
976 0.04500000085681677
977 0.04500000085681677
978 0.04500000085681677
979 0.04500000085681677
980 -0.004999999888241291
981 0.04500000085681677
982 0.04500000085681677
983 0.04500000085681677
984 0.04500000085681677
985 0.04500000085681677
986 -0.004999999888241291
987 0.04500000085681677
988 0.04500000085681677
989 0.04500000085681677
990 0.04500000085681677
991 0.04500000085681677
992 0.04500000085681677
993 0.04500000085681677
994 0.04500000085681677
995 0.04500000085681677
996 0.04500000085681677
997 0.04500000085681677
998 0.04500000085681677
999 0.04500000085681677
1000 0.04500000085681677
1001 0.04500000085681677
1002 0.04500000085681677
1003 -0.004999999888241291
1004 0.04500000085681677
1005 0.04500000085681677
1006 0.04500000085681677
1007 0.04500000085681677
1008 0.04500000085681677
1009 0.04500000085681677
1010 0.04500000085681677
1011 0.04500000085681677
1012 0.04500000085681677
1013 0.04500000085681677
1014 0.04500000085681677
1015 0.04500000085681677
1016 0.04500000085681677
1017 0.04500000085681677
1018 0.04500000085681677
1019 0.04500000085681677
1020 0.04500000085681677
1021 0.04500000085681677
1022 0.04500000085681677
1023 0.04500000085681677
1024 0.04500000085681677
1025 0.04500000085681677
1026 0.04500000085681677
1027 0.04500000085681677
1028 0.04500000085681677
1029 0.04500000085681677
1030 0.04500000085681677
1031 0.04500000085681677
1032 0.04500000085681677
1033 0.04500000085681677
1034 0.04500000085681677
1035 0.04500000085681677
1036 0.04500000085681677
1037 0.04500000085681677
1038 0.04500000085681677
1039 0.04500000085681677
1040 0.04500000085681677
1041 0.04500000085681677
1042 0.04500000085681677
1043 0.04500000085681677
1044 0.04500000085681677
1045 0.04500000085681677
1046 0.04500000085681677
1047 0.04500000085681677
1048 0.04500000085681677
1049 0.04500000085681677
1050 0.04500000085681677
1051 0.09500000160187483
1052 0.04500000085681677
1053 0.04500000085681677
1054 0.04500000085681677
1055 0.04500000085681677
1056 0.04500000085681677
1057 0.04500000085681677
1058 0.04500000085681677
1059 0.04500000085681677
1060 0.04500000085681677
1061 0.04500000085681677
1062 0.04500000085681677
1063 0.04500000085681677
1064 0.04500000085681677
1065 0.04500000085681677
1066 0.04500000085681677
1067 0.04500000085681677
1068 0.09500000160187483
1069 0.04500000085681677
1070 -0.004999999888241291
1071 0.04500000085681677
1072 0.04500000085681677
1073 0.04500000085681677
1074 0.04500000085681677
1075 0.04500000085681677
1076 0.04500000085681677
1077 0.04500000085681677
1078 0.04500000085681677
1079 -0.004999999888241291
1080 -0.004999999888241291
1081 -0.004999999888241291
1082 -0.004999999888241291
1083 -0.004999999888241291
1084 -0.004999999888241291
1085 -0.004999999888241291
1086 -0.004999999888241291
1087 -0.004999999888241291
1088 -0.004999999888241291
1089 -0.004999999888241291
1090 -0.004999999888241291
1091 -0.004999999888241291
1092 -0.004999999888241291
1093 -0.004999999888241291
1094 -0.004999999888241291
1095 -0.004999999888241291
1096 -0.004999999888241291
1097 -0.004999999888241291
1098 -0.004999999888241291
1099 -0.004999999888241291
1100 -0.004999999888241291
1101 -0.004999999888241291
1102 -0.004999999888241291
1103 -0.004999999888241291
1104 -0.004999999888241291
1105 -0.004999999888241291
1106 -0.004999999888241291
1107 -0.004999999888241291
1108 0.04500000085681677
1109 -0.004999999888241291
1110 0.04500000085681677
1111 0.04500000085681677
1112 0.04500000085681677
1113 0.04500000085681677
1114 0.04500000085681677
1115 -0.004999999888241291
1116 -0.004999999888241291
1117 -0.004999999888241291
1118 -0.004999999888241291
1119 -0.004999999888241291
1120 -0.004999999888241291
1121 0.09500000160187483
1122 -0.004999999888241291
1123 -0.004999999888241291
1124 -0.004999999888241291
1125 -0.004999999888241291
1126 0.04500000085681677
1127 0.04500000085681677
1128 0.04500000085681677
1129 0.04500000085681677
1130 0.04500000085681677
1131 0.04500000085681677
1132 -0.009999999776482582
1133 -0.004999999888241291
1134 0.04500000085681677
1135 0.04500000085681677
1136 0.04500000085681677
1137 0.04500000085681677
1138 0.04500000085681677
1139 -0.004999999888241291
1140 0.04500000085681677
1141 0.04500000085681677
1142 0.04500000085681677
1143 0.04500000085681677
1144 0.19500000309199095
1145 0.04500000085681677
1146 0.04500000085681677
1147 0.09500000160187483
1148 0.245000003837049
1149 0.09500000160187483
1150 0.09500000160187483
1151 0.09500000160187483
1152 0.04500000085681677
1153 0.09500000160187483
1154 0.04500000085681677
1155 0.19500000309199095
1156 0.09500000160187483
1157 0.04500000085681677
1158 0.04500000085681677
1159 0.09500000160187483
1160 0.04500000085681677
1161 0.04500000085681677
1162 0.04500000085681677
1163 0.04500000085681677
1164 0.04500000085681677
1165 0.04500000085681677
1166 0.04500000085681677
1167 0.04500000085681677
1168 0.04500000085681677
1169 0.04500000085681677
1170 0.04500000085681677
1171 0.04500000085681677
1172 0.04500000085681677
1173 0.04500000085681677
1174 0.04500000085681677
1175 0.04500000085681677
1176 0.04500000085681677
1177 0.04500000085681677
1178 0.04500000085681677
1179 0.04500000085681677
1180 0.04500000085681677
1181 0.04500000085681677
1182 0.04500000085681677
1183 0.04500000085681677
1184 0.04500000085681677
1185 0.04500000085681677
1186 0.04500000085681677
1187 0.04500000085681677
1188 0.04500000085681677
1189 0.04500000085681677
1190 0.04500000085681677
1191 0.04500000085681677
1192 0.04500000085681677
1193 0.04500000085681677
1194 0.04500000085681677
1195 0.04500000085681677
1196 0.04500000085681677
1197 0.04500000085681677
1198 0.04500000085681677
1199 0.04500000085681677
1200 0.04500000085681677
1201 0.04500000085681677
1202 0.04500000085681677
1203 0.09500000160187483
1204 0.04500000085681677
1205 0.04500000085681677
1206 0.09500000160187483
1207 0.04500000085681677
1208 0.04500000085681677
1209 0.04500000085681677
1210 0.04500000085681677
1211 0.04500000085681677
1212 0.04500000085681677
1213 0.04500000085681677
1214 0.04500000085681677
1215 0.04500000085681677
1216 0.04500000085681677
1217 0.04500000085681677
1218 0.04500000085681677
1219 0.04500000085681677
1220 0.04500000085681677
1221 0.04500000085681677
1222 0.04500000085681677
1223 0.04500000085681677
1224 0.09500000160187483
1225 0.04500000085681677
1226 0.04500000085681677
1227 0.04500000085681677
1228 0.04500000085681677
1229 0.04500000085681677
1230 0.04500000085681677
1231 0.04500000085681677
1232 0.04500000085681677
1233 -0.009999999776482582
1234 0.04500000085681677
1235 0.04500000085681677
1236 0.04500000085681677
1237 0.04500000085681677
1238 0.04500000085681677
1239 0.04500000085681677
1240 0.04500000085681677
1241 0.04500000085681677
1242 0.04500000085681677
1243 0.04500000085681677
1244 0.04500000085681677
1245 0.04500000085681677
1246 0.04500000085681677
1247 0.04500000085681677
1248 0.04500000085681677
1249 0.04500000085681677
1250 0.04500000085681677
1251 0.04500000085681677
1252 0.04500000085681677
1253 0.04500000085681677
1254 0.04500000085681677
1255 0.04500000085681677
1256 0.04500000085681677
1257 0.04500000085681677
1258 0.04500000085681677
1259 0.04500000085681677
1260 0.04500000085681677
1261 0.04500000085681677
1262 0.04500000085681677
1263 0.04500000085681677
1264 0.1450000023469329
1265 0.1450000023469329
1266 0.04500000085681677
1267 0.1450000023469329
1268 0.04500000085681677
1269 0.04500000085681677
1270 0.04500000085681677
1271 0.04500000085681677
1272 0.04500000085681677
1273 0.04500000085681677
1274 0.04500000085681677
1275 0.04500000085681677
1276 0.04500000085681677
1277 -0.004999999888241291
1278 -0.004999999888241291
1279 0.04500000085681677
1280 0.04500000085681677
1281 0.04500000085681677
1282 0.04500000085681677
1283 0.04500000085681677
1284 0.04500000085681677
1285 0.04500000085681677
1286 0.04500000085681677
1287 0.04500000085681677
1288 0.04500000085681677
1289 0.04500000085681677
1290 0.04500000085681677
1291 0.04500000085681677
1292 0.04500000085681677
1293 0.04500000085681677
1294 0.04500000085681677
1295 0.04500000085681677
1296 0.04500000085681677
1297 0.04500000085681677
1298 0.04500000085681677
1299 0.04500000085681677
1300 0.04500000085681677
1301 0.09500000160187483
1302 0.04500000085681677
1303 0.04500000085681677
1304 0.04500000085681677
1305 0.04500000085681677
1306 0.1450000023469329
1307 0.04500000085681677
1308 0.04500000085681677
1309 0.1450000023469329
1310 0.04500000085681677
1311 0.04500000085681677
1312 0.04500000085681677
1313 0.04500000085681677
1314 0.09500000160187483
1315 0.04500000085681677
1316 0.04500000085681677
1317 0.04500000085681677
1318 0.1450000023469329
1319 0.04500000085681677
1320 0.04500000085681677
1321 0.04500000085681677
1322 0.04500000085681677
1323 0.04500000085681677
1324 0.04500000085681677
1325 0.04500000085681677
1326 0.04500000085681677
1327 0.04500000085681677
1328 0.04500000085681677
1329 0.04500000085681677
1330 0.04500000085681677
1331 0.09500000160187483
1332 0.04500000085681677
1333 0.04500000085681677
1334 0.04500000085681677
1335 0.04500000085681677
1336 0.09000000171363354
1337 0.09500000160187483
1338 0.1450000023469329
1339 0.04500000085681677
1340 0.04500000085681677
1341 0.04500000085681677
1342 0.04500000085681677
1343 0.04500000085681677
1344 0.04500000085681677
1345 0.1450000023469329
1346 0.04500000085681677
1347 0.04500000085681677
1348 0.04500000085681677
1349 0.04500000085681677
1350 0.04500000085681677
1351 0.04500000085681677
1352 0.1450000023469329
1353 0.04500000085681677
1354 0.04500000085681677
1355 0.1450000023469329
1356 0.04500000085681677
1357 0.04500000085681677
1358 0.04500000085681677
1359 0.04500000085681677
1360 0.04500000085681677
1361 0.04500000085681677
1362 0.09500000160187483
1363 0.1450000023469329
1364 0.04500000085681677
1365 0.19500000309199095
1366 0.04500000085681677
1367 0.19500000309199095
1368 0.04500000085681677
1369 0.04500000085681677
1370 0.09500000160187483
1371 0.04500000085681677
1372 0.1450000023469329
1373 -0.004999999888241291
1374 0.09500000160187483
1375 0.09500000160187483
1376 0.1450000023469329
1377 0.04500000085681677
1378 0.1450000023469329
1379 0.04500000085681677
1380 0.04500000085681677
1381 0.04500000085681677
1382 0.04500000085681677
1383 0.04500000085681677
1384 0.04500000085681677
1385 0.04500000085681677
1386 0.1450000023469329
1387 0.1450000023469329
1388 0.04500000085681677
1389 0.04500000085681677
1390 0.04500000085681677
1391 0.04500000085681677
1392 0.09500000160187483
1393 0.04500000085681677
1394 0.1450000023469329
1395 0.04500000085681677
1396 0.09500000160187483
1397 0.04500000085681677
1398 0.04500000085681677
1399 0.04500000085681677
1400 0.04500000085681677
1401 0.04500000085681677
1402 0.04500000085681677
1403 0.04500000085681677
1404 0.04500000085681677
1405 0.04500000085681677
1406 0.04500000085681677
1407 0.04500000085681677
1408 0.04500000085681677
1409 0.04500000085681677
1410 0.04500000085681677
1411 0.04500000085681677
1412 0.04500000085681677
1413 0.04500000085681677
1414 0.04500000085681677
1415 0.04500000085681677
1416 0.09500000160187483
1417 0.04500000085681677
1418 0.04500000085681677
1419 0.04500000085681677
1420 0.04500000085681677
1421 0.04500000085681677
1422 0.04500000085681677
1423 0.04500000085681677
1424 0.04500000085681677
1425 0.04500000085681677
1426 0.04500000085681677
1427 0.04500000085681677
1428 0.04500000085681677
1429 0.04500000085681677
1430 0.04500000085681677
1431 0.1450000023469329
1432 0.04500000085681677
1433 0.04500000085681677
1434 0.04500000085681677
1435 0.04500000085681677
1436 0.04500000085681677
1437 0.04500000085681677
1438 0.04500000085681677
1439 0.04500000085681677
1440 0.04500000085681677
1441 0.04500000085681677
1442 0.04500000085681677
1443 0.09500000160187483
1444 0.04500000085681677
1445 0.04500000085681677
1446 0.04500000085681677
1447 0.04500000085681677
1448 0.04500000085681677
1449 0.04500000085681677
1450 0.04500000085681677
1451 0.04500000085681677
1452 0.04500000085681677
1453 0.04500000085681677
1454 -0.009999999776482582
1455 0.04500000085681677
1456 0.04500000085681677
1457 0.04500000085681677
1458 0.1450000023469329
1459 0.09500000160187483
1460 0.04500000085681677
1461 0.04500000085681677
1462 0.04500000085681677
1463 0.04500000085681677
1464 0.04500000085681677
1465 0.04500000085681677
1466 0.04500000085681677
1467 0.09500000160187483
1468 0.04500000085681677
1469 0.04500000085681677
1470 0.04500000085681677
1471 0.04500000085681677
1472 0.1450000023469329
1473 0.04500000085681677
1474 0.09500000160187483
1475 0.04500000085681677
1476 0.1450000023469329
1477 0.04500000085681677
1478 0.04500000085681677
1479 0.04500000085681677
1480 0.04500000085681677
1481 0.29500000458210707
1482 0.04500000085681677
1483 0.04500000085681677
1484 0.04500000085681677
1485 0.04500000085681677
1486 0.04500000085681677
1487 0.1450000023469329
1488 0.04500000085681677
1489 0.09500000160187483
1490 0.04500000085681677
1491 0.04500000085681677
1492 0.04500000085681677
1493 0.04500000085681677
1494 0.04500000085681677
1495 0.04500000085681677
1496 0.3450000053271651
1497 0.1450000023469329
1498 0.09500000160187483
1499 0.04500000085681677
1500 0.04500000085681677
1501 0.04500000085681677
1502 0.1450000023469329
1503 0.04500000085681677
1504 0.245000003837049
1505 0.29500000458210707
1506 0.04500000085681677
1507 0.04500000085681677
1508 0.04500000085681677
1509 0.04500000085681677
1510 0.04500000085681677
1511 0.04500000085681677
1512 0.4950000075623393
1513 0.04500000085681677
1514 0.5450000083073974
1515 0.04500000085681677
1516 0.19500000309199095
1517 0.09500000160187483
1518 0.6450000097975135
1519 0.1450000023469329
1520 0.4950000075623393
1521 0.09500000160187483
1522 2.600000038743019
1523 2.600000038743019
1524 0.04500000085681677
1525 -0.004999999888241291
1526 0.04500000085681677
1527 0.04500000085681677
1528 2.600000038743019
1529 1.095000016503036
1530 2.600000038743019
1531 2.600000038743019
1532 2.650000039488077
1533 2.600000038743019
1534 2.650000039488077
1535 2.600000038743019
1536 0.1450000023469329
1537 2.600000038743019
1538 2.600000038743019
1539 0.04500000085681677
1540 2.600000038743019
1541 -0.004999999888241291
1542 2.600000038743019
1543 1.095000016503036
1544 0.09500000160187483
1545 0.09500000160187483
1546 0.09500000160187483
1547 0.09500000160187483
1548 0.09500000160187483
1549 0.09500000160187483
1550 0.09500000160187483
1551 0.09500000160187483
1552 0.245000003837049
1553 0.09500000160187483
1554 0.19500000309199095
1555 0.29500000458210707
1556 0.19500000309199095
1557 0.1400000024586916
1558 0.245000003837049
1559 0.09500000160187483
1560 0.44500000681728125
1561 0.04500000085681677
1562 0.04500000085681677
1563 0.1450000023469329
1564 0.04500000085681677
1565 0.04500000085681677
1566 0.04500000085681677
1567 0.04500000085681677
1568 0.04500000085681677
1569 0.09500000160187483
1570 0.04500000085681677
1571 0.04500000085681677
1572 0.04500000085681677
1573 0.04500000085681677
1574 0.04500000085681677
1575 0.04500000085681677
1576 0.1450000023469329
1577 0.04500000085681677
1578 0.04500000085681677
1579 0.04500000085681677
1580 0.04500000085681677
1581 0.1450000023469329
1582 0.1450000023469329
1583 0.04500000085681677
1584 0.09500000160187483
1585 0.09500000160187483
1586 0.5400000084191561
1587 0.29500000458210707
1588 0.19500000402331352
1589 0.19500000309199095
1590 0.245000003837049
1591 0.0950000025331974
1592 -0.004999999888241291
1593 0.0950000025331974
1594 0.29500000458210707
1595 0.1450000023469329
1596 0.3450000053271651
1597 0.04500000085681677
1598 0.6950000105425715
1599 0.09500000160187483
1600 0.04500000085681677
1601 0.19500000309199095
1602 0.4450000077486038
1603 0.3450000053271651
1604 0.4950000075623393
1605 0.04500000085681677
1606 0.29500000458210707
1607 0.3950000060722232
1608 0.245000003837049
1609 0.5450000083073974
1610 0.09500000160187483
1611 0.8950000135228038
1612 0.19500000309199095
1613 0.29500000458210707
1614 0.19500000309199095
1615 0.8450000127777457
1616 0.09500000160187483
1617 0.09500000160187483
1618 0.04500000085681677
1619 2.550000037997961
1620 2.600000038743019
1621 2.650000039488077
1622 2.600000038743019
1623 2.650000039488077
1624 0.44500000681728125
1625 2.600000038743019
1626 0.04500000085681677
1627 0.5450000083073974
1628 2.600000038743019
1629 0.09500000160187483
1630 -0.004999999888241291
1631 0.7950000120326877
1632 2.600000038743019
1633 0.04500000085681677
1634 0.29500000458210707
1635 2.600000038743019
1636 0.04500000085681677
1637 2.600000038743019
1638 0.5450000083073974
1639 0.29500000458210707
1640 2.600000038743019
1641 2.600000038743019
1642 2.650000039488077
1643 2.600000038743019
1644 2.650000039488077
1645 0.04500000085681677
1646 -0.004999999888241291
1647 2.600000038743019
1648 2.600000038743019
1649 2.650000039488077
1650 1.4450000217184424
1651 2.600000038743019
1652 2.600000038743019
1653 2.650000039488077
1654 2.600000038743019
1655 0.8950000135228038
1656 1.895000028423965
1657 0.29500000458210707
1658 0.8450000127777457
1659 0.4950000075623393
1660 2.2950000343844295
1661 1.1950000179931521
1662 0.245000003837049
1663 1.7450000261887908
1664 0.245000003837049
1665 0.4950000075623393
1666 2.600000038743019
1667 2.600000038743019
1668 2.650000039488077
1669 1.6450000246986747
1670 0.09500000160187483
1671 0.6450000097975135
1672 2.600000038743019
1673 2.600000038743019
